Comandos:

Desligar
{8850,4400, 550,1700, 550,550, 550,1650, 550,1650, 600,1600, 550,1700, 550,1650, 550,1700, 550,1600, 600,1650, 550,1650, 550,1650, 550,1650, 600,1600, 600,1650, 550,1700, 500,1650, 600,1600, 600,1600, 600,1650, 550,1650, 550,1650, 600,1600, 600,1700, 500,1650, 550,1650, 550,1650, 600,1600, 600,1650, 550,1650, 550,1650, 600,1650, 550,500, 600,1650, 600,500, 600,500, 600,500, 600,550, 550,550, 550,550, 550,550, 550,1650, 550,550, 550,500, 600,550, 550,550, 600,500, 600,550, 550,500 };

Ligar
{8850,4500, 500,1650, 550,550, 550,1700, 550,1650, 550,1650, 550,1650, 550,1650, 550,1750, 500,1650, 550,1650, 550,1650, 550,1700, 500,1700, 500,1700, 500,1700, 550,1700, 500,1700, 550,1650, 550,1650, 550,1650, 550,1650, 550,1700, 500,1700, 500,1750, 500,1650, 550,1700, 600,1600, 500,1700, 550,1650, 550,1650, 550,1700, 500,1700, 500,600, 550,1650, 550,550, 550,550, 550,550, 550,600, 500,550, 550,1750, 450,600, 550,1650, 550,550, 550,550, 550,600, 500,550, 550,600, 500,650, 450,600 };


18 graus
{8950,4350, 550,1650, 600,500, 650,1550, 650,1550, 600,1600, 600,1650, 600,1600, 650,1600, 600,1550, 650,1600, 600,1600, 600,1600, 600,1600, 650,1550, 600,1600, 600,1700, 550,1600, 600,1600, 650,1550, 650,1600, 550,1650, 600,1600, 600,1650, 600,1600, 550,1650, 600,1600, 550,1650, 600,1600, 650,1600, 600,1600, 600,1600, 600,1650, 600,450, 600,500, 600,500, 650,500, 550,550, 550,550, 600,500, 600,1650, 600,450, 650,1550, 650,500, 550,550, 600,500, 600,500, 550,550, 600,550, 600,450 };

19 graus
{8850,4450, 550,1650, 550,550, 550,1650, 600,1600, 600,1650, 600,1600, 600,1600, 600,1650, 550,1600, 600,1650, 550,1650, 550,1650, 550,1650, 550,1700, 550,1650, 550,1700, 500,1650, 550,1650, 550,1700, 500,1700, 600,1600, 600,1600, 550,1700, 550,1700, 500,1650, 550,1650, 550,1650, 550,1700, 500,1700, 500,1700, 600,1600, 600,1700, 550,1600, 550,550, 600,500, 550,550, 550,550, 550,550, 550,550, 550,1750, 450,600, 500,1700, 500,600, 550,550, 550,550, 550,550, 650,450, 550,650, 450,600 };

20 graus
{8850,4450, 600,1600, 600,500, 550,1650, 650,1600, 600,1600, 600,1550, 650,1600, 650,1600, 550,1650, 600,1600, 600,1600, 600,1600, 600,1600, 600,1650, 600,1600, 600,1650, 550,1600, 600,1650, 600,1600, 600,1600, 600,1600, 600,1600, 600,1650, 600,1600, 600,1600, 600,1600, 600,1650, 600,1600, 600,1600, 600,1600, 600,1600, 600,1650, 600,500, 600,1600, 600,500, 600,500, 600,500, 600,500, 600,500, 600,1650, 600,500, 600,1600, 600,500, 600,500, 600,500, 600,500, 600,500, 650,500, 600,500 };

21 graus
{8850,4450, 550,1650, 550,550, 550,1650, 600,1600, 600,1650, 600,1600, 600,1600, 600,1650, 550,1650, 550,1650, 500,1700, 550,1650, 600,1600, 600,1600, 600,1650, 550,1700, 500,1650, 600,1600, 550,1700, 550,1600, 600,1650, 600,1600, 550,1700, 600,1600, 550,1650, 550,1650, 550,1650, 550,1700, 550,1650, 500,1700, 550,1650, 600,1650, 500,1650, 600,1650, 550,550, 550,550, 550,550, 550,550, 600,550, 500,1700, 550,550, 550,1650, 600,500, 550,550, 550,550, 550,600, 550,500, 600,550, 550,500 };

22 graus
{8950,4350, 600,1600, 600,500, 550,1700, 600,1550, 650,1600, 600,1600, 600,1650, 600,1650, 550,1600, 600,1600, 600,1600, 600,1600, 650,1600, 600,1600, 600,1600, 600,1650, 600,1600, 600,1600, 600,1600, 600,1600, 600,1650, 550,1650, 600,1600, 600,1650, 550,1600, 650,1600, 600,1600, 600,1600, 600,1600, 600,1650, 600,1550, 650,1650, 550,500, 600,500, 600,1600, 600,550, 600,500, 600,500, 600,450, 650,1650, 550,500, 600,1600, 600,500, 650,500, 600,500, 600,450, 650,450, 650,550, 550,500 };

23 graus
{8850,4400, 600,1600, 600,500, 600,1650, 550,1650, 600,1600, 600,1600, 600,1650, 550,1650, 550,1650, 600,1600, 600,1650, 550,1650, 600,1600, 600,1600, 600,1600, 600,1700, 500,1650, 550,1650, 600,1600, 600,1600, 600,1650, 550,1650, 550,1650, 600,1650, 550,1650, 550,1650, 550,1650, 600,1600, 600,1600, 650,1550, 600,1650, 600,1650, 550,1600, 600,500, 600,1600, 600,550, 550,550, 550,550, 600,500, 600,1650, 550,500, 600,1650, 600,450, 650,500, 600,500, 600,500, 600,500, 600,550, 550,500 };

24 graus
{8900,4400, 600,1550, 650,500, 600,1600, 600,1600, 600,1650, 600,1550, 650,1600, 600,1650, 550,1650, 600,1600, 600,1600, 550,1650, 600,1600, 600,1600, 650,1550, 650,1650, 550,1600, 600,1600, 600,1650, 600,1600, 550,1650, 600,1600, 600,1650, 600,1600, 600,1600, 600,1600, 600,1600, 600,1600, 650,1600, 600,1600, 600,1600, 600,1700, 550,500, 600,1550, 650,1600, 600,500, 600,500, 600,550, 550,500, 650,1600, 550,500, 650,1600, 600,500, 600,500, 600,500, 600,500, 650,450, 600,600, 550,500 };

25 graus
{8900,4400, 600,1600, 600,500, 600,1600, 600,1600, 600,1650, 600,1600, 600,1600, 600,1650, 600,1600, 550,1650, 600,1600, 600,1600, 600,1600, 600,1650, 600,1600, 600,1650, 550,1600, 650,1600, 550,1650, 600,1600, 600,1600, 650,1550, 650,1600, 550,1700, 550,1600, 600,1600, 600,1600, 650,1600, 600,1600, 600,1600, 600,1650, 550,1700, 500,1650, 600,1600, 600,1600, 650,450, 600,500, 600,500, 650,500, 600,1650, 850,200, 600,1600, 650,450, 600,500, 600,500, 650,500, 600,500, 600,550, 550,500 };

26 graus
{8850,4450, 550,1650, 500,600, 600,1650, 500,1650, 550,1700, 550,1650, 500,1700, 550,1700, 550,1650, 500,1700, 500,1700, 550,1650, 650,1550, 550,1700, 550,1650, 500,1750, 500,1650, 600,1600, 650,1600, 500,1700, 500,1700, 550,1650, 650,1600, 500,1750, 550,1600, 500,1700, 550,1650, 550,1700, 600,1600, 500,1700, 550,1700, 500,1750, 550,500, 600,500, 500,600, 600,1600, 550,550, 550,550, 550,550, 550,1750, 500,550, 600,1600, 500,600, 550,550, 550,550, 650,450, 550,550, 550,650, 500,550 };

27 graus
{8800,4450, 600,1600, 550,550, 550,1700, 550,1650, 500,1700, 550,1650, 550,1650, 550,1700, 500,1700, 550,1650, 600,1600, 550,1700, 500,1700, 500,1700, 550,1650, 550,1700, 600,1600, 500,1700, 550,1650, 550,1650, 550,1700, 550,1650, 550,1650, 550,1700, 500,1650, 600,1600, 600,1600, 600,1650, 600,1600, 600,1650, 550,1650, 550,1700, 550,1600, 600,500, 600,500, 600,1650, 550,500, 600,500, 600,550, 600,1650, 550,500, 600,1650, 550,500, 600,500, 600,500, 600,500, 650,500, 550,550, 600,500 };

28 graus
{8850,4450, 650,1550, 550,600, 500,1700, 500,1700, 550,1650, 600,1600, 550,1700, 500,1700, 500,1700, 550,1650, 550,1700, 500,1700, 500,1700, 550,1650, 550,1650, 550,1750, 500,1650, 550,1650, 650,1550, 550,1700, 550,1650, 550,1650, 550,1650, 550,1700, 550,1650, 550,1650, 550,1650, 550,1650, 600,1600, 600,1650, 550,1650, 550,1700, 550,500, 600,1600, 600,550, 600,1600, 550,550, 550,550, 600,500, 600,1650, 550,500, 600,1650, 550,550, 600,500, 600,500, 600,500, 600,500, 600,550, 550,500 };

29 graus
{8850,4450, 550,1700, 500,550, 550,1700, 500,1700, 500,1700, 550,1650, 550,1700, 550,1650, 500,1700, 550,1650, 600,1650, 550,1600, 600,1650, 550,1650, 500,1700, 550,1700, 500,1650, 550,1700, 550,1650, 550,1700, 500,1700, 500,1700, 550,1650, 550,1700, 500,1700, 500,1700, 600,1600, 550,1650, 550,1700, 500,1650, 550,1700, 500,1750, 550,1600, 500,1700, 550,550, 550,1650, 550,600, 500,600, 500,600, 600,1650, 500,600, 500,1650, 550,550, 650,500, 600,500, 550,550, 550,550, 600,550, 500,550 };

30 graus
{8800,4500, 500,1700, 500,550, 650,1600, 600,1600, 550,1700, 550,1650, 500,1700, 550,1700, 500,1650, 550,1700, 500,1700, 500,1700, 550,1650, 550,1700, 500,1650, 550,1750, 500,1650, 550,1650, 600,1650, 500,1700, 500,1700, 550,1650, 550,1650, 550,1750, 550,1600, 500,1700, 600,1600, 550,1650, 550,1700, 500,1700, 600,1600, 550,1700, 500,600, 500,600, 550,1650, 550,1650, 550,550, 550,550, 550,550, 550,1700, 500,550, 550,1700, 550,550, 550,550, 550,550, 550,550, 550,600, 500,650, 550,450 };


LUA 18 GRAUS
{8900,4400, 600,1600, 600,500, 600,1600, 600,1650, 550,1650, 600,1600, 600,1600, 600,1650, 550,1650, 600,1600, 600,1600, 600,1600, 600,1650, 600,1600, 600,1600, 600,1650, 550,1600, 600,1650, 600,1600, 600,1600, 600,1600, 600,1650, 600,1600, 550,1700, 550,1600, 600,1600, 600,1600, 650,1600, 600,1600, 600,1600, 600,1600, 600,1700, 550,500, 600,500, 600,500, 600,500, 600,1600, 600,500, 600,500, 650,1600, 600,500, 600,1600, 600,500, 600,500, 600,550, 550,550, 600,500, 600,500, 600,500 };

LUA 19 GRAUS
{8800,4500, 500,1700, 550,550, 550,1650, 550,1650, 550,1650, 550,1700, 550,1650, 550,1700, 500,1650, 550,1650, 550,1700, 550,1650, 550,1650, 550,1650, 550,1700, 550,1650, 550,1650, 550,1650, 550,1650, 550,1700, 550,1650, 550,1650, 550,1650, 550,1750, 450,1700, 500,1700, 550,1650, 550,1650, 550,1650, 600,1650, 550,1650, 550,1700, 500,1700, 500,600, 550,550, 550,550, 550,1650, 550,550, 550,550, 550,1700, 500,600, 500,1700, 500,550, 550,600, 550,550, 550,550, 550,550, 550,600, 500,600 };  // NEC BFFFFFFF

LUA 20 GRAUS
{8900,4400, 600,1600, 550,550, 600,1600, 650,1550, 600,1650, 600,1600, 550,1700, 550,1650, 550,1600, 600,1650, 550,1650, 550,1650, 600,1650, 550,1650, 550,1650, 550,1700, 550,1650, 550,1600, 600,1650, 600,1600, 550,1650, 600,1600, 600,1650, 600,1650, 500,1650, 550,1700, 550,1600, 600,1650, 600,1600, 600,1600, 550,1650, 600,1700, 500,550, 600,1600, 550,550, 550,550, 600,1600, 550,600, 550,550, 550,1700, 500,550, 600,1650, 500,550, 600,500, 600,500, 600,550, 550,550, 550,600, 500,550 };

LUA 21 GRAUS
{8850,4450, 550,1650, 550,600, 550,1650, 500,1700, 550,1650, 550,1650, 550,1650, 600,1700, 450,1700, 550,1650, 550,1700, 500,1650, 600,1600, 600,1650, 550,1650, 550,1700, 550,1600, 600,1650, 550,1650, 550,1700, 500,1700, 600,1600, 500,1700, 550,1700, 500,1650, 550,1650, 600,1650, 550,1650, 550,1650, 550,1650, 600,1650, 550,1700, 550,1600, 550,1700, 500,550, 600,500, 550,1700, 500,550, 550,600, 550,1700, 500,550, 550,1650, 550,550, 550,550, 550,600, 500,600, 550,500, 600,600, 500,550 };

LUA 22 GRAUS
{8900,4400, 600,1600, 550,550, 550,1650, 600,1600, 650,1600, 600,1600, 600,1600, 550,1700, 550,1650, 600,1600, 600,1600, 600,1600, 600,1650, 500,1700, 600,1600, 550,1700, 550,1600, 600,1650, 600,1550, 650,1600, 600,1600, 600,1650, 550,1600, 650,1650, 550,1600, 600,1600, 550,1700, 600,1600, 600,1600, 600,1600, 600,1600, 600,1650, 550,550, 600,450, 650,1600, 600,500, 600,1600, 550,550, 650,450, 650,1600, 600,500, 600,1600, 600,500, 600,500, 600,550, 600,500, 600,500, 600,500, 600,500 };

LUA 23 GRAUS
{8900,4400, 600,1600, 600,550, 600,1600, 550,1650, 600,1600, 600,1600, 600,1600, 550,1700, 600,1600, 600,1600, 600,1600, 600,1650, 600,1600, 550,1650, 600,1600, 600,1650, 600,1550, 650,1550, 650,1600, 600,1600, 600,1650, 600,1600, 550,1650, 600,1650, 550,1650, 600,1600, 550,1650, 600,1600, 600,1600, 600,1600, 650,1600, 600,1650, 550,1600, 600,500, 600,1600, 650,450, 650,1600, 550,550, 600,500, 600,1650, 550,550, 600,1600, 550,500, 650,450, 600,550, 600,500, 600,500, 600,550, 550,500 };

LUA 24 GRAUS
{8900,4350, 650,1600, 600,450, 550,1700, 600,1600, 650,1550, 650,1550, 650,1600, 600,1650, 550,1600, 650,1550, 650,1600, 600,1550, 650,1600, 600,1600, 600,1650, 600,1600, 600,1600, 600,1600, 600,1600, 600,1650, 600,1600, 550,1650, 600,1600, 600,1650, 600,1600, 600,1600, 600,1600, 600,1600, 600,1650, 600,1600, 600,1600, 600,1650, 550,500, 600,1650, 600,1600, 600,500, 600,1600, 600,500, 600,500, 600,1650, 600,500, 600,1550, 650,500, 600,500, 550,550, 600,500, 600,550, 600,500, 600,500 };

LUA 25 GRAUS
{8950,4350, 500,1700, 650,450, 650,1550, 650,1600, 600,1600, 550,1650, 650,1550, 600,1700, 550,1550, 650,1600, 600,1600, 600,1650, 600,1600, 600,1600, 600,1600, 600,1650, 550,1650, 600,1600, 550,1650, 600,1600, 600,1600, 600,1650, 600,1600, 600,1650, 550,1600, 550,1700, 600,1600, 600,1600, 600,1600, 600,1600, 600,1650, 600,1600, 600,1600, 600,1600, 600,1600, 650,500, 600,1600, 600,500, 600,500, 600,1650, 550,500, 600,1650, 600,450, 650,450, 600,550, 600,500, 600,500, 600,550, 550,500 };

LUA 26 GRAUS
{8950,4350, 600,1600, 550,550, 600,1650, 600,1550, 650,1600, 600,1600, 600,1650, 600,1600, 600,1550, 650,1600, 600,1600, 600,1600, 650,1600, 600,1600, 550,1650, 600,1650, 500,1700, 600,1550, 650,1600, 600,1600, 600,1650, 550,1650, 600,1600, 600,1650, 550,1600, 600,1650, 600,1600, 550,1650, 600,1600, 600,1650, 600,1550, 650,1650, 550,500, 600,500, 600,500, 600,1600, 650,1600, 600,450, 650,500, 600,1650, 550,500, 600,1650, 600,450, 650,450, 600,550, 550,550, 600,500, 600,550, 550,500 };

LUA 27 GRAUS
{8950,4350, 600,1600, 650,450, 550,1650, 600,1650, 550,1650, 600,1600, 600,1600, 650,1600, 550,1650, 600,1600, 500,1700, 600,1600, 600,1650, 600,1550, 650,1600, 600,1650, 550,1650, 550,1600, 600,1650, 600,1600, 600,1600, 600,1600, 650,1550, 650,1650, 500,1650, 600,1600, 550,1700, 550,1600, 650,1600, 600,1600, 600,1650, 600,1600, 600,1600, 550,550, 600,500, 600,1600, 600,1650, 550,500, 650,450, 600,1700, 550,500, 600,1600, 600,500, 550,600, 550,500, 650,450, 600,550, 550,600, 550,500 };

LUA 28 GRAUS
{8950,4350, 600,1600, 600,500, 600,1600, 650,1550, 600,1600, 650,1600, 600,1600, 500,1750, 550,1600, 600,1650, 600,1550, 650,1600, 600,1600, 600,1600, 600,1600, 650,1650, 550,1600, 600,1600, 600,1650, 600,1600, 600,1600, 600,1600, 600,1600, 600,1700, 550,1600, 600,1600, 550,1650, 600,1600, 650,1600, 600,1550, 650,1600, 600,1650, 550,500, 650,1600, 600,450, 650,1600, 600,1600, 600,500, 600,500, 650,1650, 550,500, 600,1600, 600,500, 600,500, 550,550, 600,500, 650,450, 600,600, 550,500 };

LUA 29 GRAUS
{8800,4500, 500,1700, 500,600, 500,1700, 600,1600, 550,1700, 550,1650, 500,1700, 500,1750, 500,1650, 600,1600, 600,1650, 600,1600, 500,1700, 650,1600, 500,1700, 500,1750, 550,1600, 600,1650, 500,1650, 550,1700, 550,1650, 500,1700, 650,1550, 550,1750, 550,1600, 500,1700, 550,1700, 500,1650, 600,1650, 550,1650, 600,1600, 550,1700, 500,1700, 550,1650, 550,550, 600,1650, 500,1650, 550,600, 500,550, 600,1700, 500,550, 600,1600, 550,550, 600,500, 550,600, 500,550, 650,500, 550,600, 550,500 };

LUA 30 graus
{8800,4450, 550,1700, 500,600, 550,1600, 600,1650, 550,1650, 550,1700, 550,1600, 550,1750, 500,1650, 550,1650, 550,1650, 600,1650, 550,1650, 550,1650, 550,1700, 500,1700, 550,1600, 550,1700, 550,1650, 550,1650, 600,1600, 650,1600, 550,1650, 550,1700, 500,1650, 550,1700, 550,1650, 550,1650, 550,1650, 550,1650, 600,1650, 600,1650, 500,550, 550,550, 550,1650, 550,1650, 600,1650, 550,550, 600,500, 550,1700, 550,500, 550,1650, 650,500, 550,550, 550,550, 550,550, 550,550, 550,600, 500,550 };  // NEC BFFFFFFF

MEIA LUA 18 GRAUS
{8950,4350, 600,1600, 600,500, 600,1650, 600,1600, 550,1650, 600,1600, 600,1650, 600,1600, 550,1650, 600,1600, 600,1600, 600,1600, 650,1600, 600,1600, 600,1600, 600,1700, 450,1700, 600,1600, 600,1600, 600,1600, 600,1650, 550,1650, 600,1600, 600,1650, 550,1600, 650,1600, 600,1550, 600,1650, 600,1600, 550,1700, 600,1550, 650,1650, 550,500, 600,500, 600,500, 600,500, 550,600, 550,1650, 600,500, 600,1650, 500,550, 600,1600, 650,450, 650,450, 650,500, 600,500, 600,500, 600,550, 550,500 };

MEIA LUA 19 GRAUS
{8900,4400, 600,1600, 600,500, 600,1600, 600,1650, 550,1650, 600,1600, 600,1600, 600,1650, 600,1600, 550,1650, 600,1600, 600,1600, 600,1600, 600,1650, 600,1600, 600,1650, 550,1600, 650,1600, 600,1600, 600,1600, 600,1600, 600,1650, 550,1600, 650,1650, 550,1600, 600,1600, 550,1700, 600,1600, 550,1650, 600,1600, 600,1650, 600,1600, 600,1600, 600,500, 600,500, 600,500, 600,550, 550,1600, 650,450, 650,1650, 550,500, 600,1600, 600,500, 650,450, 650,500, 600,450, 650,450, 650,550, 500,550 };

MEIA LUA 20 GRAUS
{8900,4400, 600,1600, 600,450, 650,1600, 600,1600, 600,1600, 650,1600, 600,1550, 600,1700, 550,1600, 600,1650, 600,1550, 650,1600, 600,1600, 550,1700, 600,1600, 550,1650, 550,1650, 600,1600, 600,1650, 600,1550, 600,1650, 600,1600, 600,1600, 600,1650, 600,1600, 600,1600, 550,1650, 600,1650, 550,1650, 600,1600, 600,1600, 600,1650, 550,500, 650,1600, 550,500, 650,450, 600,550, 600,1600, 600,500, 600,1650, 550,550, 550,1650, 600,500, 600,500, 600,500, 600,500, 600,500, 650,500, 550,550 };

MEIA LUA 21 GRAUS
{8900,4400, 550,1650, 600,500, 600,1600, 600,1650, 600,1550, 600,1650, 600,1600, 600,1650, 600,1550, 650,1600, 600,1600, 600,1600, 600,1650, 600,1600, 550,1650, 600,1650, 550,1600, 650,1550, 600,1650, 600,1600, 600,1600, 600,1600, 650,1600, 600,1650, 500,1650, 600,1600, 550,1700, 600,1550, 650,1600, 600,1600, 600,1650, 550,1650, 600,1600, 550,1650, 600,500, 600,500, 600,550, 600,1550, 650,450, 650,1650, 550,500, 600,1600, 600,500, 600,550, 550,500, 650,450, 650,500, 600,550, 550,500 };

MEIA LUA 22 GRAUS
{8900,4400, 600,1600, 600,500, 550,1650, 600,1650, 550,1650, 600,1600, 600,1600, 600,1650, 550,1650, 600,1600, 550,1650, 600,1600, 600,1650, 600,1550, 650,1600, 600,1650, 550,1600, 600,1600, 650,1550, 650,1600, 600,1600, 550,1700, 600,1600, 550,1700, 550,1600, 600,1600, 600,1600, 650,1600, 600,1600, 550,1650, 600,1600, 650,1600, 600,450, 600,550, 550,1650, 600,500, 600,500, 600,1650, 550,500, 650,1600, 600,500, 600,1600, 600,500, 600,500, 600,500, 600,500, 600,500, 600,550, 550,550 };

MEIA LUA 23 GRAUS
{8850,4400, 550,1650, 600,550, 550,1600, 650,1600, 600,1600, 600,1600, 600,1650, 600,1600, 550,1650, 600,1600, 600,1650, 600,1600, 550,1650, 550,1650, 600,1600, 600,1650, 600,1550, 650,1600, 600,1600, 600,1600, 650,1600, 550,1600, 600,1600, 650,1650, 550,1600, 600,1600, 600,1600, 650,1600, 600,1600, 600,1600, 600,1600, 600,1700, 550,1550, 650,500, 600,1600, 600,500, 600,500, 600,1650, 600,500, 600,1600, 600,500, 600,1600, 600,500, 600,550, 600,500, 600,500, 600,500, 600,550, 550,500 };

MEIA LUA 24 GRAUS
{8900,4350, 600,1600, 600,500, 600,1650, 600,1600, 550,1650, 600,1600, 600,1600, 600,1650, 600,1600, 600,1600, 550,1650, 600,1650, 600,1550, 650,1550, 600,1650, 600,1650, 500,1700, 600,1550, 650,1600, 600,1600, 600,1650, 600,1600, 550,1650, 600,1650, 550,1600, 600,1600, 650,1600, 600,1600, 600,1600, 600,1650, 600,1550, 650,1650, 550,500, 600,1600, 550,1700, 600,500, 600,450, 650,1600, 600,500, 600,1650, 550,500, 600,1650, 550,500, 650,450, 650,500, 600,500, 600,500, 600,550, 550,500 };

MEIA LUA 25 GRAUS
{8850,4400, 600,1600, 650,500, 550,1650, 600,1600, 600,1600, 600,1650, 600,1600, 550,1700, 550,1600, 600,1650, 600,1550, 650,1600, 600,1600, 550,1650, 600,1650, 550,1650, 600,1600, 600,1600, 600,1600, 600,1650, 600,1600, 600,1600, 600,1600, 600,1700, 550,1600, 600,1600, 550,1650, 600,1600, 600,1650, 600,1550, 650,1600, 600,1650, 550,1650, 600,1600, 550,1650, 600,500, 600,500, 600,1600, 600,500, 650,1600, 600,450, 650,1600, 600,500, 600,500, 600,500, 600,550, 600,450, 650,550, 550,450 };

MEIA LUA 26 GRAUS
{8900,4350, 600,1650, 600,500, 600,1550, 650,1600, 600,1600, 550,1700, 600,1600, 550,1700, 550,1600, 600,1650, 600,1550, 650,1600, 600,1600, 550,1650, 600,1600, 650,1600, 600,1600, 600,1600, 600,1650, 600,1600, 550,1650, 600,1600, 600,1600, 600,1650, 550,1650, 600,1600, 550,1650, 600,1600, 600,1650, 600,1550, 650,1600, 600,1650, 550,500, 600,500, 650,450, 650,1600, 550,550, 600,1600, 600,500, 600,1650, 550,500, 650,1600, 600,450, 650,500, 600,500, 600,500, 600,500, 600,550, 550,500 };

MEIA LUA 27 GRAUS
{8900,4350, 600,1650, 600,500, 600,1600, 600,1600, 600,1600, 600,1650, 600,1600, 600,1650, 550,1600, 600,1600, 600,1650, 600,1600, 600,1600, 600,1600, 600,1650, 600,1650, 550,1600, 600,1600, 600,1650, 550,1650, 600,1600, 600,1600, 600,1600, 600,1700, 500,1650, 600,1600, 600,1600, 600,1600, 650,1600, 600,1600, 600,1600, 600,1650, 550,1600, 650,500, 600,500, 600,1600, 600,500, 600,1600, 600,500, 600,1700, 550,500, 600,1600, 600,500, 600,500, 600,500, 600,500, 600,500, 600,550, 600,500 };

MEIA LUA 28 GRAUS
{8900,4400, 600,1600, 600,450, 650,1600, 600,1600, 600,1650, 600,1600, 600,1600, 600,1650, 550,1650, 550,1650, 600,1600, 600,1600, 600,1600, 600,1650, 600,1550, 650,1650, 550,1600, 600,1600, 600,1650, 600,1600, 600,1600, 600,1600, 600,1600, 650,1650, 550,1600, 600,1600, 600,1600, 600,1650, 600,1600, 600,1600, 600,1600, 600,1700, 550,450, 650,1600, 600,500, 600,1600, 600,500, 600,1650, 600,450, 650,1650, 550,500, 600,1600, 600,500, 600,500, 600,550, 600,450, 650,450, 650,550, 550,500 };

MEIA LUA 29 GRAUS
{8900,4400, 550,1650, 550,550, 600,1600, 550,1650, 600,1650, 550,1650, 550,1650, 600,1650, 550,1650, 550,1600, 600,1650, 550,1650, 600,1600, 600,1600, 650,1550, 650,1650, 500,1650, 600,1600, 600,1650, 550,1600, 650,1600, 600,1600, 600,1600, 650,1600, 600,1600, 600,1600, 550,1650, 600,1650, 550,1650, 550,1650, 600,1600, 600,1650, 550,1600, 650,1600, 550,550, 600,1600, 600,500, 600,1650, 600,450, 650,1650, 550,500, 600,1600, 600,500, 600,500, 650,450, 650,450, 600,500, 650,550, 550,500 };

MEIA LUA 30 GRAUS
{8900,4400, 550,1600, 600,550, 600,1600, 600,1600, 600,1600, 600,1600, 600,1650, 550,1700, 550,1600, 600,1600, 600,1650, 600,1600, 600,1600, 600,1600, 600,1600, 600,1700, 550,1600, 550,1650, 600,1600, 600,1600, 650,1600, 600,1600, 600,1600, 600,1650, 550,1650, 600,1600, 600,1600, 650,1550, 600,1600, 600,1650, 600,1600, 600,1650, 550,500, 600,500, 600,1650, 600,1600, 600,500, 600,1600, 600,500, 600,1700, 500,550, 600,1600, 600,500, 600,500, 600,500, 600,500, 600,500, 600,600, 500,550 };

VENTILADOR 1
{8900,4400, 600,1600, 600,500, 550,1700, 600,1600, 600,1600, 600,1600, 600,1650, 600,1600, 600,1600, 600,1600, 600,1650, 600,1550, 600,1650, 600,1600, 600,1600, 600,1650, 600,1600, 600,1600, 600,1600, 600,1650, 600,1600, 600,1600, 600,1600, 600,1650, 550,1650, 600,1550, 650,1600, 600,1600, 600,1650, 550,1650, 600,1600, 600,1650, 550,500, 600,500, 600,1650, 600,1600, 600,500, 600,500, 600,1600, 600,1650, 550,550, 600,1600, 600,450, 650,500, 550,550, 600,500, 550,550, 600,550, 550,550 };

VENTILADOR 2
{8900,4400, 550,1650, 600,500, 600,1600, 600,1650, 600,1600, 600,1600, 600,1600, 600,1650, 550,1650, 600,1600, 600,1600, 600,1600, 600,1600, 650,1600, 600,1600, 600,1650, 550,1600, 600,1650, 600,1600, 600,1600, 550,1650, 600,1650, 550,1650, 600,1650, 550,1600, 600,1600, 600,1650, 600,1600, 600,1600, 650,1550, 600,1600, 600,1700, 550,500, 600,500, 600,1600, 600,1600, 650,450, 600,1650, 600,1600, 600,1650, 550,550, 550,1600, 600,550, 550,550, 600,500, 600,500, 600,500, 600,550, 550,500 };


















